266 351
726 515
475 847
243 475
299 413
372 765
251 996
12 830
73 824
39 471
280 510
13 760
180 95
341 932
687 520
302 750
804 852
455 52
187 826
406 536
317 435
943 355
87 553
606 491
843 919
790 754
922 554
83 618
523 761
194 337
1 803
476 587
536 636
540 28
230 606
601 26
658 179
292 373
175 152
677 102
456 630
610 75
922 895
339 931
321 636
508 826
272 24
552 795
438 981
765 285
478 442
830 559
409 209
503 797
306 379
272 183
719 253
477 226
390 731
858 915
359 194
767 193
272 198
485 480
775 483
206 339
932 282
750 84
957 922
375 729
267 74
34 307
769 140
850 49
784 335
537 9
556 227
23 766
393 769
381 330
827 336
43 321
336 469
584 123
983 109
252 217
295 111
25 639
267 534
111 263
760 523
69 995
712 366
792 446
593 413
756 639
705 763
1000 425
213 452
431 381
878 462
237 62
540 723
464 742
624 600
863 431
581 102
423 638
778 603
530 168
142 226
592 369
847 987
795 820
27 382
567 183
165 20
57 635
701 162
939 629
763 361
326 41
787 969
365 589
866 82
758 44
61 180
344 490
692 970
382 784
495 723
968 740
335 442
562 458
714 17
878 868
809 291
27 746
286 613
396 413
658 968
737 961
570 351
24 712
62 800
53 489
340 706
639 46
876 396
328 138
440 964
679 947
297 753
175 752
72 143
658 746
419 162
628 396
444 727
163 169
680 477
129 73
704 451
907 38
56 626
953 484
347 53
202 784
677 981
239 112
521 569
812 488
228 231
160 911
858 346
52 405
993 709
777 784
236 52
100 441
981 528
928 388
324 545
437 871
988 600
647 335
602 214
855 168
949 419
164 813
551 179
865 936
192 574
997 407
599 167
329 763
402 121
204 173
521 245
705 880
820 343
172 659
122 802
104 361
415 541
643 550
274 447
417 214
352 803
596 526
463 529
690 615
178 931
570 765
541 268
834 310
17 112
933 162
532 618
938 776
667 474
444 81
190 597
587 35
625 372
662 723
457 91
934 935
62 738
107 23
623 967
667 873
120 874
942 29
799 380
639 125
880 868
183 971
443 102
539 179
837 90
729 577
948 997
366 610
784 233
469 951
220 483
58 386
42 783
993 805
872 562
230 140
845 929
572 767
646 658
98 882
987 965
324 464
526 746
419 444
959 318
428 310
620 27
332 858
684 7
778 76
240 818
416 261
767 674
349 837
65 994
707 79
925 156
156 571
789 701
484 835
929 970
734 935
56 74
170 62
339 70
544 751
941 803
640 306
114 339
846 672
636 204
123 483
421 353
553 640
436 268
316 874
498 581
692 253
502 459
14 481
885 794
169 24
248 767
892 516
2 424
113 491
773 685
869 820
528 608
322 601
398 610
184 554
761 97
727 991
818 921
891 693
254 279
456 682
768 178
296 947
739 361
399 802
446 825
840 560
175 834
606 987
364 482
9 239
838 254
989 98
383 727
560 526
758 929
926 621
886 552
432 401
968 291
685 250
723 59
233 203
681 595
871 144
296 527
120 211
263 181
671 72
999 367
983 874
287 819
989 437
93 736
668 962
171 282
232 284
656 686
882 458
746 774
431 917
915 256
396 888
462 713
588 399
366 37
596 898
333 356
265 28
51 527
550 578
167 157
88 520
821 160
869 660
902 945
113 36
169 858
332 258
613 671
268 538
820 31
611 269
792 632
922 555
121 476
984 224
450 708
809 923
133 990
531 322
787 940
633 680
874 706
965 681
253 647
93 4
728 3
636 660
857 673
239 709
455 520
314 748
866 913
503 796
269 836
662 997
165 691
481 230
93 889
103 107
180 121
583 413
73 44
845 694
3 441
25 401
978 473
63 713
505 601
880 571
116 69
742 401
104 517
637 677
448 695
656 492
31 508
159 203
96 249
423 326
392 746
102 899
676 886
440 758
537 8
702 754
479 575
484 199
51 988
659 646
766 245
641 122
295 153
869 244
462 698
243 94
345 424
471 440
128 450
517 616
349 796
8 568
480 981
686 645
466 728
379 217
713 553
629 968
415 311
707 7
484 948
678 644
346 949
754 22
42 426
171 194
7 600
857 295
724 572
915 67
61 783
993 433
221 969
810 38
130 692
672 203
468 870
89 111
56 352
476 697
577 194
853 117
623 607
183 546
165 19
101 911
579 541
88 32
51 84
40 195
350 416
544 211
529 385
838 405
753 739
438 519
554 980
918 285
421 731
452 743
608 629
623 930
537 575
558 871
634 457
562 90
230 308
378 523
590 564
538 147
6 613
961 536
432 458
819 742
602 794
219 946
420 379
580 409
942 224
391 42
356 866
175 755
929 288
1 148
147 312
555 471
194 767
46 644
822 485
327 825
328 105
145 853
811 628
519 447
906 768
615 278
636 599
984 884
589 439
116 979
647 27
138 121
584 9
686 611
161 200
170 864
885 685
747 708
660 85
73 917
882 357
792 69
560 481
262 857
905 661
507 424
609 916
494 150
454 249
707 483
152 300
660 939
792 355
133 85
337 570
557 815
949 467
398 75
834 21
584 596
169 234
570 523
865 649
682 65
514 774
606 416
41 488
80 386
669 758
545 968
110 127
655 769
807 584
653 802
303 921
179 231
326 10
588 889
990 61
97 818
5 623
616 626
190 549
598 422
411 264
571 534
588 712
447 883
653 4
340 257
692 606
278 971
61 441
301 490
602 223
629 54
461 740
23 893
638 561
46 454
488 542
839 767
92 384
232 515
893 850
659 774
453 465
864 88
685 38
353 709
870 98
194 707
911 216
567 6
262 136
600 753
897 175
450 918
224 709
722 188
445 675
690 990
90 818
609 726
646 957
472 622
569 320
417 51
458 641
116 625
617 204
85 494
638 730
542 284
916 322
99 286
281 845
247 398
450 940
741 504
223 161
939 240
961 344
856 562
48 991
756 161
493 923
739 863
407 303
56 425
682 37
869 593
49 864
820 427
469 323
53 516
751 605
972 350
443 616
575 643
155 92
925 624
984 180
929 629
123 478
627 848
789 354
494 857
64 146
27 6
193 306
753 730
93 281
151 121
819 403
895 132
36 943
259 200
500 188
871 415
934 307
422 878
933 264
171 849
23 784
596 86
766 524
770 119
455 837
594 915
225 220
318 787
210 904
34 442
469 985
698 917
112 618
334 473
851 241
638 171
818 399
289 744
641 371
110 512
680 263
609 423
314 13
99 785
907 16
15 567
551 673
628 116
21 386
208 407
870 409
896 222
971 818
110 354
512 707
224 737
172 129
492 742
453 888
962 450
584 464
649 785
717 108
925 123
764 201
696 857
128 261
220 955
194 632
869 258
483 219
322 71
30 684
587 721
347 568
683 66
63 300
1000 478
696 951
626 392
41 262
759 100
482 496
88 807
964 81
71 102
181 546
433 385
829 342
79 619
316 783
647 965
675 158
598 157
835 573
951 935
799 725
505 179
549 937
438 568
369 765
740 964
853 291
396 100
880 207
650 448
477 79
600 254
231 32
676 179
268 48
754 891
463 445
838 219
988 236
760 827
516 214
738 455
337 486
742 895
77 412
59 113
558 405
604 467
771 972
974 197
527 907
831 580
337 128
580 324
30 189
505 954
772 886
599 857
485 105
876 878
181 160
984 510
292 719
884 353
389 339
417 835
177 569
677 896
272 787
816 877
646 901
258 858
629 679
696 646
960 779
856 972
123 223
52 209
659 363
882 32
384 667
721 230
156 183
440 162
539 638
540 813
835 507
319 682
199 128
94 366
994 90
184 278
937 184
557 939
193 216
221 63
88 946
199 934
955 627
429 925
840 796
514 581
114 973
616 535
197 274
783 575
880 156
572 290
829 205
649 575
871 342
741 835
806 417
947 318
509 497
719 290
118 687
815 694
339 46
359 147
67 940
723 148
392 986
11 816
178 291
732 862
509 211
2 981
760 143
633 135
233 241
435 865
522 818
206 220
196 18
856 170
475 205
280 973
690 680
638 114
784 429
508 371
272 593
364 124
383 861
11 252
660 231
988 820
437 42
909 857
149 358
189 665
300 278
618 297
33 501
472 659
570 212
664 17
403 231
78 423
986 388
635 919
695 605
812 671
462 800
503 204
105 549
522 788
773 4
819 561
260 105
744 908
707 256
640 711
289 431
264 251
14 11
731 567
365 269
95 164
667 303
905 374
772 503
213 169
505 107
886 985
307 477
519 824
111 758
778 814
982 582
197 502
677 60
457 89
221 400
334 689
870 551
283 757
356 901
32 563
572 181
899 415
406 253
248 870
671 675
124 844
362 233
272 241
76 943
383 317
98 703
802 545
894 139
441 399
667 905
514 28
628 482
957 960
840 210
931 253
589 457
838 686
833 959
153 349
743 685
673 534
251 526
441 218
647 126
560 160
211 960
656 723
968 197
157 159
929 238
983 23
896 17
327 723
935 400
702 485
66 347
43 482
512 33
587 935
588 500
365 467
280 485
262 725
143 114
661 497
648 944
27 477
669 6
651 519
468 697
859 440
574 925
133 217
857 143
518 708
298 299
502 27
993 538
252 566
151 154
688 878
105 972
677 254
130 659
295 200
154 285
800 263
250 194
748 197
217 443
808 242
348 731
844 752
942 349
836 672
766 545
679 646
956 9
260 528
245 510
136 542
193 595
819 259
895 20
842 96
532 932
2 123
754 852
352 508
480 161
942 63
157 797
463 235
657 317
343 566
658 526
736 338
220 163
171 993
888 397
483 979
637 558
267 466
894 167
417 545
490 169
202 741
831 722
667 917
262 331
529 916
607 727
586 656
797 591
750 593
20 984
983 113
229 494
861 643
871 272
845 212
991 321
647 98
304 538
10 101
67 108
51 883
470 891
767 755
755 27
850 765
523 161
302 928
928 607
893 185
513 971
146 756
453 776
276 791
151 645
959 50
229 849
850 710
939 78
405 742
445 793
263 648
530 417
68 608
750 124
787 498
695 645
735 488
661 533
777 8
616 96
539 26
782 315
70 633
492 171
579 773
804 934
363 414
115 591
169 233
813 816
800 69
639 610
485 891
473 867
900 480
773 894
886 153
875 392
415 741
679 580
369 611
279 90
804 747
398 636
684 833
300 928
783 587
940 618
79 942
440 546
693 991
905 774
628 260
121 318
261 816
35 106
590 760
952 853
756 224
776 840
997 730
445 302
305 272
987 476
36 384
324 925
168 536
578 819
888 135
580 325
998 252
671 46
582 511
141 763
385 265
409 643
138 67
10 541
713 461
46 746
129 780
628 248
955 789
580 123
525 934
927 490
552 988
918 767
685 672
29 924
696 647
616 917
823 566
833 562
74 574
893 462
587 623
753 379
610 708
510 870
307 772
623 266
259 681
852 744
228 258
193 863
506 428
289 386
697 509
19 233
960 601
134 746
393 444
890 444
285 630
970 430
74 763
701 334
886 842
65 20
247 772
88 947
557 714
630 335
236 426
2 366
535 312
80 710
265 980
965 651
549 76
934 958
404 669
789 134
494 897
462 37
601 277
162 987
550 366
3 717
761 95
852 386
984 314
602 873
399 779
519 522
685 286
83 52
747 237
782 540
567 798
309 570
737 55
770 706
448 614
196 396
162 300
756 196
991 895
888 52
301 823
231 698
876 685
77 272
133 526
81 853
980 627
103 508
196 162
533 237
111 977
816 31
85 758
292 561
983 157
125 245
642 951
76 479
594 412
950 156
48 376
712 175
402 707
223 425
81 384
905 368
627 939
216 665
59 235
215 853
590 259
646 241
761 899
640 442
398 478
915 240
481 932
43 989
282 703
838 920
472 801
143 398
735 288
925 328
393 335
782 243
911 917
91 614
518 729
354 140
482 441
999 764
636 794
657 891
325 541
622 861
559 861
122 3
710 384
782 13
112 53
19 483
402 425
39 988
84 187
47 49
312 633
45 440
952 935
112 132
24 806
386 981
136 660
410 727
527 1000
127 116
697 981
465 965
677 329
661 985
491 873
222 225
108 70
98 717
653 147
693 998
418 708
442 206
225 182
462 702
529 798
159 111
107 310
111 678
276 329
945 46
969 160
400 741
16 917
699 136
902 303
443 438
483 741
343 81
33 385
210 486
674 441
272 275
767 734
347 131
859 108
533 468
445 899
162 938
238 480
345 279
590 287
81 381
265 118
551 798
983 372
472 910
755 461
65 769
639 875
895 765
368 382
792 496
223 48
249 461
623 435
865 683
522 648
541 380
501 303
29 392
566 721
236 204
331 160
796 174
947 42
910 162
308 624
611 121
28 375
322 596
731 816
18 701
827 561
735 984
594 732
549 21
254 367
729 279
32 993
733 295
844 576
520 790
227 606
799 460
505 352
767 88
588 637
870 851
482 624
927 296
303 514
951 438
310 358
718 611
872 883
45 967
391 223
488 636
93 987
684 674
872 898
907 133
660 459
989 257
86 18
849 502
315 318
614 182
727 397
379 611
234 290
116 770
79 446
462 306
138 428
485 115
180 743
272 666
38 717
720 500
883 32
483 949
281 412
708 93
52 473
606 335
471 401
898 533
774 96
977 116
138 142
570 141
113 878
511 558
703 939
323 279
918 208
555 224
187 70
854 444
820 196
33 158
958 78
288 52
401 227
511 664
4 920
80 302
578 37
541 175
230 880
925 304
194 314
65 15
286 945
433 547
195 924
255 276
610 869
481 319
636 945
909 365
227 668
299 891
451 784
657 109
732 679
179 801
640 861
899 56
144 328
814 325
876 134
325 152
832 640
979 247
616 731
627 549
358 208
477 598
644 955
595 455
244 159
482 532
656 193
628 261
663 262
520 528
742 261
580 416
124 996
783 921
352 231
480 428
618 142
447 760
676 994
660 495
633 305
663 740
206 113
758 674
906 875
618 17
106 461
876 729
915 539
335 516
68 897
328 814
8 940
336 457
209 93
12 760
911 508
768 102
950 402
249 964
519 139
449 671
746 415
824 445
716 763
129 557
764 239
51 620
233 625
161 508
551 139
721 228
806 819
29 189
657 636
488 321
877 985
859 370
748 747
928 201
658 350
34 580
389 934
139 991
191 494
716 191
458 155
564 292
541 292
231 386
537 881
574 180
282 796
355 382
563 133
478 179
530 70
537 994
166 442
95 352
45 587
355 463
122 462
819 92
749 739
1 557
194 996
313 818
923 138
598 520
615 790
876 234
207 766
413 713
555 928
244 243
780 119
893 730
219 951
20 716
2 979
116 53
617 89
14 282
733 162
495 147
187 194
689 4
67 376
158 833
675 121
860 43
992 467
684 505
499 197
727 437
105 94
512 650
620 683
215 129
641 42
183 423
958 635
209 40
375 991
983 156
622 452
704 741
906 97
817 442
765 452
507 316
969 273
46 171
829 871
318 500
191 78
217 711
238 47
310 584
906 323
359 809
476 971
612 431
152 709
938 540
302 539
342 200
15 82
330 640
203 146
296 496
973 490
632 724
209 306
708 617
235 517
865 654
575 283
189 204
543 825
179 458
951 888
933 221
200 943
587 450
478 58
406 695
69 176
246 516
774 816
11 641
84 196
529 465
676 384
14 299
888 745
341 880
481 464
912 212
857 877
663 251
136 612
66 765
516 271
280 623
267 347
433 55
808 832
465 742
413 606
969 214
954 476
883 440
276 330
117 143
689 215
673 714
836 770
62 768
534 473
600 359
697 86
475 43
884 133
257 863
462 471
638 108
180 524
785 870
415 48
958 535
225 625
474 924
780 607
323 28
949 880
107 885
204 265
702 536
149 376
136 226
293 700
691 809
431 610
841 552
113 833
954 777
683 445
797 429
831 82
523 357
88 560
162 923
700 783
989 898
668 301
264 955
396 349
307 895
74 606
346 795
274 12
937 931
757 763
885 728
208 776
942 935
174 525
415 831
388 427
725 398
553 602
29 391
692 249
360 610
273 93
166 224
60 355
834 278
84 361
160 329
997 810
662 512
61 135
944 869
999 961
984 38
416 530
810 430
852 229
447 771
748 86
804 320
680 974
793 753
207 131
374 656
691 206
415 438
58 721
996 959
616 783
250 533
117 191
202 656
844 807
314 822
331 892
91 266
883 404
901 797
33 631
875 776
659 807
72 203
132 877
988 211
7 31
870 13
449 999
432 243
451 145
642 858
609 277
867 913
584 245
106 377
402 614
609 646
21 496
974 36
116 946
216 820
822 194
73 961
479 272
160 971
432 928
4 724
333 352
851 671
449 291
671 392
551 230
879 245
630 677
856 610
323 423
537 229
521 160
575 125
778 721
726 251
543 979
364 80
913 446
640 274
734 534
240 342
863 438
155 287
339 618
30 589
752 497
934 39
458 356
740 274
796 28
265 732
682 958
344 67
731 625
736 837
662 524
991 419
630 353
207 464
122 56
86 471
930 841
843 232
955 93
796 802
107 181
970 253
532 868
645 451
135 629
72 555
895 873
793 717
873 43
795 363
231 93
454 324
554 542
520 898
794 33
723 253
481 250
10 624
911 393
197 238
913 693
510 127
438 200
362 544
760 374
408 267
411 234
942 200
307 888
339 373
126 47
864 404
486 343
987 478
556 329
115 139
759 882
336 684
543 93
86 536
859 792
860 247
55 279
902 500
261 500
651 52
254 941
815 930
337 935
856 28
927 976
475 817
780 758
385 565
460 58
145 174
626 201
511 601
682 823
383 497
423 791
809 584
425 183
838 212
29 301
213 432
90 301
226 829
892 828
338 803
32 110
647 427
57 525
424 264
705 905
852 968
681 160
347 852
634 442
782 934
182 754
458 122
12 272
227 699
943 209
987 961
182 621
62 715
856 216
849 881
832 65
283 667
699 275
279 463
304 313
729 616
253 890
274 845
690 46
230 10
323 884
340 574
663 1
987 397
73 349
686 233
782 550
11 19
698 827
773 240
59 783
650 678
543 49
345 750
896 234
510 452
669 507
686 459
817 296
741 106
177 713
677 976
90 858
720 445
997 47
29 973
858 295
531 79
698 396
772 907
20 240
350 667
276 858
744 322
561 956
506 637
825 7
959 271
869 502
119 251
503 88
92 398
103 212
313 324
117 982
243 519
669 63
427 444
948 106
342 226
308 457
536 876
114 296
601 778
658 323
146 111
479 497
652 805
763 42
588 919
192 476
316 818
423 750
174 720
748 845
201 662
277 713
929 511
853 390
1000 582
876 41
170 554
889 466
482 776
526 391
507 679
634 390
912 134
179 905
537 543
165 742
758 815
173 155
68 503
344 631
457 184
330 438
666 44
372 13
983 639
305 124
45 145
528 859
873 369
709 27
803 90
426 351
127 650
96 54
723 403
656 296
975 745
776 913
462 468
620 648
608 192
295 204
405 892
580 46
732 353
57 431
185 226
560 50
271 916
494 199
152 787
8 756
143 206
954 761
60 824
890 763
617 321
936 110
986 22
513 654
148 974
94 523
596 841
887 218
924 832
772 284
332 283
722 655
546 290
431 417
196 853
878 378
534 302
743 648
464 562
79 844
352 518
256 814
520 427
652 600
252 928
554 886
627 852
889 381
272 553
672 469
526 496
107 200
948 386
2 340
877 293
956 917
191 916
399 943
311 371
439 446
343 856
528 259
451 596
32 594
74 245
499 320
306 288
606 879
534 152
780 56
482 879
918 170
6 944
228 608
802 947
935 621
3 638
498 282
7 30
10 270
175 804
159 355
767 926
646 883
760 936
153 318
708 456
840 64
807 309
409 597
211 993
858 364
472 735
237 929
95 519
332 891
370 2
337 971
601 646
121 972
12 677
751 72
152 352
997 200
545 479
341 884
57 165
885 899
912 981
532 178
881 496
411 795
782 318
711 364
14 164
790 773
697 767
514 859
532 400
94 257
248 689
100 946
874 813
308 679
190 647
249 201
587 17
182 791
398 976
112 127
735 937
740 625
834 490
563 216
455 972
123 593
738 14
266 741
243 612
274 580
261 942
939 954
580 652
504 215
909 222
533 530
292 160
330 383
596 118
174 196
547 402
989 65
607 534
996 803
281 2
430 925
948 986
539 729
345 180
976 703
131 512
375 727
939 163
989 355
572 39
906 873
930 393
206 368
232 381
51 803
163 913
592 525
9 507
366 91
684 196
778 1
164 642
910 514
657 585
23 916
627 434
584 759
649 308
152 380
116 693
548 8
947 571
124 136
644 505
882 92
574 894
636 19
782 363
285 849
656 843
821 143
180 57
806 349
667 983
521 195
92 874
702 843
133 286
282 632
653 599
486 635
126 722
92 966
843 6
998 88
937 205
951 564
992 587
350 421
10 928
909 480
748 8
131 488
911 630
142 34
110 58
692 583
474 804
666 422
405 306
581 329
712 568
729 510
123 859
235 133
663 439
478 555
281 109
279 462
945 182
968 273
418 814
738 487
336 619
339 272
721 664
443 516
664 968
607 808
846 496
3 694
165 137
760 113
379 926
603 717
386 678
185 852
190 455
979 702
104 772
410 719
86 660
286 946
661 150
833 753
652 653
487 801
683 339
884 496
341 955
588 460
864 620
723 256
960 875
475 1
778 436
651 654
673 74
398 477
754 55
459 145
955 756
575 39
579 160
962 40
411 850
216 442
878 492
735 301
187 779
795 968
797 154
677 484
74 651
539 463
811 354
625 12
728 307
529 326
172 474
169 439
758 403
26 456
445 258
235 946
352 758
4 263
136 663
869 875
601 453
250 285
252 867
701 930
157 900
70 147
331 709
26 29
409 147
538 240
283 413
443 124
318 888
136 836
581 190
893 764
896 570
932 424
115 804
408 324
664 193
594 105
182 138
785 969
564 918
766 84
223 859
663 558
557 103
813 253
135 401
410 688
345 713
974 432
777 596
850 898
276 304
998 266
128 16
475 971
593 172
764 819
926 70
485 318
893 145
94 750
77 996
159 706
939 781
725 569
601 587
413 339
184 5
938 146
613 788
407 437
725 682
782 291
895 766
731 329
364 886
842 402
477 561
497 339
904 237
712 311
317 424
528 809
711 280
115 587
682 46
574 16
100 927
528 952
212 305
194 324
674 602
772 51
951 646
98 168
528 983
247 969
654 59
487 285
92 910
421 444
734 793
658 217
878 791
165 935
259 190
253 622
680 944
554 937
23 190
692 575
892 32
485 935
862 363
130 32
32 670
26 397
54 643
400 806
55 254
75 740
594 908
872 886
944 675
743 45
780 57
908 454
233 316
305 159
179 642
617 710
618 169
727 537
729 720
91 315
185 946
824 229
15 562
271 676
435 970
58 19
276 78
205 480
541 125
353 597
721 834
703 758
975 637
65 678
998 310
466 607
821 359
849 38
740 463
686 627
891 495
134 406
655 992
961 714
592 832
848 474
613 86
543 703
232 79
105 455
218 238
812 603
8 352
996 49
688 450
434 490
273 652
401 343
807 971
433 838
643 727
240 328
35 985
83 898
389 847
959 803
861 655
809 780
661 755
60 402
796 30
843 823
902 117
530 206
416 850
201 732
921 763
994 387
777 383
613 960
434 74
919 177
71 272
109 605
183 762
632 790
188 44
904 709
851 138
466 330
605 477
456 716
370 814
724 61
84 988
783 708
383 352
224 215
405 398
34 304
430 819
491 963
283 179
776 765
927 414
154 928
641 338
702 867
642 141
612 995
703 564
206 116
945 964
910 886
930 895
257 474
833 891
159 381
763 237
21 274
802 41
806 737
369 276
845 846
206 641
501 831
707 124
466 722
394 311
786 629
492 598
589 64
835 192
764 234
855 157
555 193
669 89
543 544
838 944
30 653
609 876
313 415
422 75
599 265
143 295
570 625
786 402
302 495
51 45
81 223
92 532
757 979
889 331
905 430
246 88
322 616
553 508
516 240
147 623
965 887
737 760
934 946
465 989
985 769
709 370
545 753
359 57
452 749
457 49
482 580
247 639
712 569
675 655
508 708
70 199
565 736
491 798
771 224
408 506
409 39
717 672
348 44
663 295
906 552
604 285
384 274
556 408
261 564
998 13
332 879
323 775
145 847
383 971
441 336
949 664
855 92
129 243
662 455
205 424
600 650
765 80
34 48
881 627
936 652
276 245
629 513
426 294
444 931
102 643
644 232
307 729
57 2
993 734
78 424
116 539
51 732
533 653
299 474
849 99
618 564
485 507
308 469
773 254
712 256
155 699
800 820
218 329
916 650
591 557
134 571
696 116
655 805
810 4
42 170
668 234
527 161
144 598
307 2
511 802
905 377
445 400
260 342
692 151
895 904
533 313
334 920
639 143
1000 584
106 539
679 520
98 487
705 181
523 996
213 918
537 620
738 55
334 698
779 539
253 570
344 970
911 913
511 358
814 243
728 880
603 876
148 553
75 763
331 853
906 637
908 35
547 357
909 886
686 834
202 714
244 65
907 157
410 415
233 208
55 443
913 652
121 619
287 836
338 155
936 586
721 724
314 226
23 718
724 553
599 687
176 207
805 970
803 442
417 235
716 969
992 353
206 991
617 916
979 605
157 233
216 859
108 793
692 358
919 764
891 246
578 537
122 653
211 948
251 867
512 439
953 235
655 251
578 648
872 501
925 149
547 671
403 119
795 649
561 559
636 485
599 211
786 972
518 415
132 238
351 506
190 889
565 80
144 660
622 35
256 514
794 163
365 347
4 55
65 39
174 643
268 764
17 452
398 843
772 60
813 856
193 155
601 6
268 339
839 4
571 874
308 636
364 540
274 700
916 883
204 573
745 947
790 443
166 449
180 136
174 972
554 918
630 85
198 84
746 702
213 539
843 444
230 793
810 719
631 565
192 362
16 184
770 113
257 162
934 676
345 921
913 607
932 461
37 559
427 655
393 563
927 74
380 677
237 748
970 747
664 914
673 580
28 981
505 928
107 564
945 808
162 50
828 933
256 51
755 113
42 524
85 682
698 61
660 164
719 635
190 367
781 952
413 20
829 940
207 1000
8 658
869 443
892 12
146 256
842 997
152 657
794 832
579 234
356 337
787 859
661 528
664 364
244 377
62 7
196 159
708 541
530 301
507 180
56 476
873 399
815 444
84 426
23 405
381 964
296 346
668 210
344 70
752 323
273 62
971 35
455 338
437 963
706 268
1000 625
734 470
348 517
153 529
61 168
961 890
88 250
499 512
887 621
980 49
806 556
827 974
560 707
465 513
930 20
504 217
106 885
804 502
112 430
184 811
563 873
361 321
549 262
845 687
573 384
547 859
614 372
923 625
307 670
451 336
14 802
291 507
922 315
727 572
84 546
68 239
875 745
271 522
336 687
124 710
513 159
556 219
832 595
627 150
740 978
955 415
295 150
190 440
409 567
711 782
124 420
518 173
626 994
637 874
703 890
281 749
817 318
405 556
612 288
631 452
280 435
246 610
621 686
622 249
164 817
118 424
12 937
489 940
330 616
904 215
62 35
688 638
337 608
446 322
655 10
986 895
933 852
520 263
829 259
886 988
160 406
307 41
970 427
398 144
19 349
352 910
647 807
616 383
624 858
790 513
293 215
60 294
322 617
930 872
880 3
485 420
467 141
602 592
250 136
995 675
48 694
727 924
429 185
361 515
804 411
1 594
885 80
387 349
444 282
466 446
549 169
421 530
390 703
980 299
84 864
106 248
324 183
419 221
538 13
775 808
978 436
814 950
980 410
20 703
24 314
666 233
336 764
888 57
962 832
67 380
253 89
971 914
456 165
516 875
285 319
517 839
147 421
384 49
3 713
704 586
264 583
85 753
581 796
385 409
621 624
432 924
696 569
493 253
943 440
307 585
436 99
590 260
464 412
268 868
416 223
845 330
919 711
556 771
80 204
132 173
392 88
967 827
30 547
886 905
380 486
623 410
332 321
904 66
982 696
518 36
967 89
865 755
632 950
339 660
670 696
840 943
565 398
569 214
922 669
669 608
619 957
231 307
158 788
457 498
19 599
404 719
433 329
520 895
313 999
154 37
552 351
736 477
643 123
41 941
892 958
157 819
249 850
35 203
130 205
372 8
335 132
931 901
202 715
21 149
810 778
674 555
707 618
246 491
785 756
292 984
441 258
228 990
980 557
374 884
182 68
771 522
165 180
564 775
180 520
788 463
129 222
2 580
521 716
792 674
78 235
501 980
104 866
893 62
186 264
779 18
487 866
988 645
848 991
543 709
121 934
285 245
716 319
236 836
461 404
523 409
686 823
872 246
731 474
753 262
777 22
227 171
725 680
707 341
526 955
163 825
952 12
437 716
359 559
431 418
269 259
680 630
193 353
354 173
194 322
450 760
520 430
630 281
260 873
668 126
248 519
679 606
870 667
852 882
793 580
903 763
410 60
262 16
184 673
640 901
83 405
157 870
109 936
948 675
966 315
112 530
115 917
154 219
597 629
410 321
909 921
152 543
533 989
456 31
917 382
331 961
395 108
919 918
879 716
291 431
935 622
337 157
618 38
56 579
590 896
292 579
332 912
137 646
390 48
565 590
950 24
805 198
584 72
731 235
569 756
695 623
704 801
778 104
997 100
191 61
485 336
345 495
637 892
100 121
915 823
547 698
531 801
324 609
717 246
350 993
264 972
981 833
375 86
30 663
593 313
5 91
597 401
9 920
247 24
873 601
437 544
578 62
373 674
74 705
471 833
131 282
903 936
317 59
678 92
181 604
353 271
80 577
958 316
62 497
870 994
675 806
913 109
363 178
786 718
330 9
709 523
721 872
306 14
771 488
754 656
874 605
468 270
325 131
418 551
24 914
352 303
480 212
558 851
741 884
244 188
206 297
188 780
476 133
984 723
326 902
883 455
455 806
214 871
387 943
599 624
908 379
31 484
769 155
132 845
557 28
723 332
923 670
305 411
569 566
171 382
907 386
323 75
517 719
77 72
78 291
669 388
873 249
461 653
20 554
4 549
519 134
655 966
472 557
878 245
272 921
968 612
426 98
797 401
929 25
755 942
786 898
583 970
291 523
486 32
136 211
389 143
583 753
432 686
507 226
713 819
94 454
630 564
599 267
450 798
90 297
728 427
156 940
778 749
291 751
865 726
386 681
812 871
74 613
502 69
901 210
929 566
477 906
739 459
923 16
818 966
840 658
322 665
931 573
696 406
274 532
352 348
978 512
528 319
503 843
336 832
61 429
120 855
123 860
804 491
310 372
296 770
465 765
562 37
391 141
107 320
236 612
963 430
258 680
871 130
567 133
990 830
997 760
319 460
14 10
641 444
864 35
186 19
205 469
189 944
408 9
27 857
881 992
671 882
426 405
9 395
245 869
312 936
656 750
732 409
915 939
958 975
82 706
798 20
567 329
56 857
95 600
99 669
862 953
124 56
786 599
324 554
823 528
371 593
778 435
601 32
800 711
484 848
657 706
51 591
858 69
255 919
42 118
260 449
706 177
798 833
473 18
256 568
742 674
856 717
88 887
565 235
346 691
757 659
251 398
790 691
39 581
705 105
373 779
429 617
675 785
116 845
348 607
425 168
406 315
689 701
601 89
202 52
445 368
946 183
620 34
823 877
236 283
843 261
754 728
222 834
69 181
3 219
831 961
680 832
376 477
598 664
451 525
364 217
440 890
865 47
760 323
686 47
899 254
317 664
176 788
661 53
180 836
474 601
21 148
587 249
745 418
798 436
894 29
966 766
714 367
419 329
332 542
903 235
101 343
738 103
290 230
275 646
348 336
258 584
99 842
529 707
684 105
284 639
964 137
197 742
181 225
897 208
114 617
760 878
793 475
601 686
669 253
941 632
216 635
949 29
218 9
556 849
416 252
569 42
403 486
612 72
155 665
839 339
570 580
113 55
683 239
406 522
189 378
441 633
155 423
913 247
471 813
458 220
403 565
647 878
356 755
929 525
937 10
278 274
299 789
418 17
905 629
943 149
411 492
893 597
645 635
213 707
173 362
212 240
306 333
144 112
399 984
681 303
168 374
960 242
255 475
676 22
70 269
387 663
679 80
112 531
577 639
281 42
379 795
434 632
149 995
543 215
447 706
139 21
512 553
327 256
789 179
183 196
44 142
686 293
818 421
968 10
626 538
366 865
298 513
393 787
656 679
430 726
897 131
220 766
175 635
873 28
216 825
403 503
78 375
541 288
462 726
803 844
263 483
301 684
713 564
927 475
834 768
602 228
674 185
33 39
90 48
143 46
509 570
242 215
668 415
405 751
48 612
715 565
113 66
977 921
562 777
299 693
982 106
469 13
843 816
773 69
556 603
658 391
342 868
200 925
184 258
575 350
502 126
784 561
213 249
976 712
381 947
772 18
630 378
153 614
406 368
616 404
725 30
467 258
88 77
182 747
712 781
478 134
299 881
288 526
326 74
357 672
503 870
801 263
348 805
961 437
905 738
653 68
802 670
253 992
804 496
731 712
115 963
301 42
474 622
349 318
633 243
227 862
932 483
76 893
718 308
153 508
32 132
183 296
673 614
257 420
113 593
998 326
678 15
270 583
335 691
873 248
256 128
384 885
459 395
502 623
323 360
553 779
309 133
740 255
725 525
962 732
30 353
124 132
622 255
489 513
4 836
920 837
828 527
868 27
698 153
143 435
610 590
369 196
96 796
632 702
501 463
962 115
838 966
472 251
834 354
352 785
4 122
563 493
856 353
142 232
91 640
735 235
147 658
611 473
294 999
905 322
818 741
781 495
323 846
434 154
478 211
114 915
559 206
209 846
986 526
922 822
580 974
407 930
974 706
117 83
400 161
637 79
175 311
841 271
453 49
560 68
679 839
314 649
331 733
193 540
838 172
841 152
438 830
131 834
885 207
499 316
913 660
73 503
294 775
961 640
600 448
70 484
967 339
951 590
637 320
201 484
348 333
371 20
416 481
693 591
470 984
381 243
882 440
718 50
812 83
280 68
446 957
54 343
510 600
629 526
99 527
7 768
390 136
30 419
858 288
919 977
664 25
518 148
696 440
929 75
622 296
788 250
238 49
267 701
221 770
238 160
440 215
636 51
138 930
212 189
587 657
40 620
458 455
333 517
835 479
768 388
808 593
588 245
554 125
498 599
887 19
13 473
783 212
472 70
454 170
971 28
900 16
518 611
249 276
856 492
74 436
706 370
209 938
943 3
613 125
386 940
577 455
245 113
677 36
145 339
630 76
335 96
581 408
141 231
288 677
240 686
993 735
44 502
615 873
603 865
657 329
917 759
41 572
478 523
173 39
727 640
413 600
430 878
824 993
749 884
163 17
591 113
794 405
639 98
547 247
585 8
608 999
306 746
401 914
332 622
774 349
546 276
552 637
803 919
742 176
690 983
775 756
548 457
169 680
308 208
815 865
506 555
569 335
471 379
453 796
745 723
674 146
315 836
688 474
26 884
564 244
87 425
347 580
981 909
322 282
394 703
839 483
381 829
498 635
173 677
999 537
29 385
341 415
269 146
342 968
458 221
152 884
246 20
965 554
565 480
550 124
882 548
706 342
246 135
140 272
549 956
363 89
164 158
455 649
594 727
852 227
390 292
925 794
226 45
715 746
109 702
196 49
944 712
293 388
965 110
149 881
410 335
803 236
362 68
332 684
404 801
185 960
813 59
580 474
232 616
90 586
504 763
989 395
573 716
789 239
79 391
449 618
348 369
675 132
16 519
663 959
315 533
7 827
621 933
850 15
152 262
772 953
204 299
186 298
388 930
63 224
818 757
949 207
933 714
716 718
646 33
726 275
764 194
765 375
363 731
470 93
369 78
242 212
483 194
800 768
358 774
389 514
476 905
17 120
773 51
481 997
192 624
661 654
305 421
302 612
237 369
520 509
244 691
705 935
290 83
156 872
434 247
911 891
282 771
959 591
282 876
982 676
889 572
45 608
725 142
781 172
4 475
408 708
925 845
305 844
608 611
923 973
311 338
477 70
79 950
117 239
282 84
763 533
893 606
782 665
272 162
736 391
371 364
79 39
63 129
144 492
291 111
516 604
458 947
302 177
505 615
324 237
253 193
86 738
625 886
239 274
462 119
210 244
547 143
491 741
55 508
629 791
564 842
909 669
287 793
992 445
268 414
449 630
949 769
37 947
24 110
299 212
381 304
38 627
989 689
295 96
283 497
450 203
461 912
219 266
170 218
958 819
742 602
69 1000
502 392
436 57
665 517
687 576
321 207
449 434
216 419
683 153
522 873
407 505
32 501
749 152
697 261
238 999
518 757
42 178
631 148
853 138
820 453
92 812
218 403
525 29
369 805
729 5
892 471
714 979
889 335
579 519
31 608
472 393
469 647
809 14
689 736
264 437
943 223
265 988
296 998
744 477
891 631
947 265
453 48
952 753
295 781
41 950
850 452
540 392
83 79
825 76
715 690
93 122
809 441
392 963
140 909
90 736
804 100
969 89
370 560
847 6
110 893
562 178
80 245
396 758
805 542
609 117
685 56
391 941
875 726
612 899
81 845
746 73
450 410
693 590
982 10
309 341
498 430
134 96
744 97
911 424
651 543
755 42
777 908
997 41
980 857
910 624
363 901
785 925
310 976
792 79
556 984
336 59
860 614
185 426
403 95
588 344
381 566
886 541
722 530
318 217
946 670
434 458
752 593
694 660
53 276
795 975
902 929
321 68
284 72
270 15
860 827
916 517
166 108
593 656
463 538
818 567
236 224
255 324
389 16
844 487
792 698
341 363
204 533
689 691
253 724
749 303
696 453
143 586
5 597
832 714
861 774
700 388
442 500
98 338
779 543
324 23
328 499
425 627
245 402
186 797
728 884
656 241
435 854
456 407
712 846
644 594
684 551
477 319
10 562
180 838
680 134
42 867
774 560
297 730
997 649
267 62
589 623
349 662
729 795
615 223
504 353
430 585
508 313
611 426
272 551
970 578
428 245
629 975
443 462
542 974
121 728
86 602
432 861
346 319
147 450
977 692
224 735
335 709
930 39
345 637
436 812
111 98
646 939
744 277
708 240
603 458
475 895
169 568
315 982
456 498
350 520
333 176
782 437
813 226
938 159
298 254
543 996
977 818
753 148
717 817
167 464
540 878
78 725
808 590
881 40
937 366
41 417
994 265
276 696
798 605
213 227
933 250
221 696
938 832
192 930
106 744
988 844
514 659
382 629
239 980
213 891
478 168
27 16
156 692
395 596
130 283
442 537
122 257
474 886
940 639
944 784
740 953
217 565
965 988
269 84
236 648
466 389
969 106
399 843
609 211
438 231
256 247
258 409
222 606
957 537
318 793
729 682
803 239
415 221
552 429
701 532
760 208
135 210
976 600
280 927
889 925
194 573
728 541
984 903
822 971
389 715
111 928
232 900
760 942
593 803
105 31
214 427
481 9
261 298
755 255
788 93
391 412
648 744
594 348
264 657
411 578
33 436
473 317
881 648
316 897
189 585
885 796
855 244
752 699
553 958
471 655
739 903
497 16
61 655
261 93
155 758
428 706
946 110
535 875
916 735
935 141
692 638
852 733
635 199
764 417
217 34
502 577
518 270
721 402
759 126
562 918
49 809
836 353
52 916
435 4
78 928
307 126
435 181
255 284
763 345
191 720
341 291
532 764
112 117
717 648
991 313
264 410
175 172
767 262
734 85
42 490
147 797
282 34
981 484
468 265
913 908
435 448
538 275
614 526
120 880
68 422
340 323
69 139
483 180
205 635
297 624
432 473
966 282
35 132
73 473
111 625
427 606
300 224
905 962
168 626
615 150
618 246
581 2
286 166
237 716
515 428
55 511
497 615
884 85
214 580
286 49
793 821
981 867
777 518
225 577
387 846
177 678
585 144
569 832
501 905
942 150
642 603
973 292
475 822
47 908
426 222
466 719
128 385
214 145
109 325
57 90
811 193
26 907
47 627
194 197
987 294
169 787
523 418
324 983
687 379
844 30
773 22
705 864
959 831
156 56
29 294
251 250
626 418
884 993
539 505
596 766
338 794
193 37
798 522
806 49
554 22
882 651
442 780
424 271
226 935
133 425
144 735
31 722
715 105
763 357
766 900
35 612
697 599
40 206
702 904
217 506
640 681
257 595
573 109
296 999
630 102
170 960
814 361
783 694
456 749
576 46
776 416
417 646
89 929
73 100
534 235
917 721
19 906
136 942
16 132
14 915
110 740
914 741
638 254
990 392
244 106
742 473
569 885
988 121
291 411
756 205
774 484
166 969
753 46
395 425
785 737
630 375
395 262
604 56
825 701
534 279
257 313
974 94
99 928
461 57
513 104
152 140
518 251
811 783
700 712
444 952
673 866
519 414
195 215
806 401
96 732
902 132
835 912
449 492
88 604
241 66
5 15
463 711
462 814
781 734
824 191
591 791
929 772
568 68
979 874
165 218
105 493
556 541
703 350
528 850
969 928
416 800
36 585
553 289
57 562
837 722
540 41
722 964
999 580
360 669
89 449
252 923
112 46
807 637
389 676
286 807
680 843
628 897
554 812
44 722
335 509
69 289
344 800
731 860
511 156
3 79
829 231
830 512
541 723
139 447
291 200
771 178
206 501
184 637
227 954
637 943
139 268
486 933
378 562
951 421
149 859
810 871
244 223
598 921
76 816
296 624
194 679
429 460
638 186
470 536
490 202
776 777
745 304
448 714
188 122
664 810
955 253
135 399
33 333
368 860
298 699
426 372
60 106
854 604
216 800
638 999
863 136
197 739
972 687
264 758
132 482
422 347
722 469
579 100
265 236
530 544
180 473
219 373
206 621
924 808
356 186
966 2
467 917
941 791
748 635
35 992
821 193
53 375
347 582
60 533
702 92
902 898
84 403
549 759
494 522
167 416
687 857
749 496
808 478
40 872
100 96
947 53
910 171
222 3
80 744
45 634
571 734
398 692
115 714
97 875
79 815
886 85
249 16
417 876
1 621
308 927
295 839
701 960
120 803
227 585
554 546
240 567
376 508
875 994
1000 88
742 278
46 489
489 204
287 1
367 311
172 455
837 843
512 556
508 347
971 961
897 998
770 364
353 766
995 312
785 681
268 397
923 807
565 586
413 205
992 258
647 84
854 632
980 803
509 725
350 715
305 74
831 152
635 523
949 673
216 683
698 335
649 257
109 90
858 137
416 172
324 621
272 960
293 762
403 406
831 126
564 347
252 287
200 674
846 948
777 54
227 203
588 214
351 45
269 466
255 569
38 17
388 480
355 111
895 617
626 270
648 180
763 235
624 819
821 967
930 833
456 532
667 414
276 745
878 125
835 836
149 576
296 12
450 843
146 191
474 843
883 685
571 909
667 188
945 306
547 450
229 695
291 128
384 494
516 463
123 805
552 507
168 562
776 739
707 665
11 926
84 696
824 923
866 630
798 499
230 241
656 472
299 626
950 222
799 885
371 61
984 868
290 45
442 201
257 476
721 791
9 403
488 142
196 199
380 932
845 238
186 349
210 423
379 356
196 827
452 504
129 907
431 60
824 326
971 553
147 219
264 797
696 768
569 502
826 399
494 369
42 414
498 844
70 306
432 674
4 982
77 648
83 823
815 494
912 839
608 58
434 439
675 776
859 506
532 460
493 856
701 467
630 443
83 932
748 978
605 887
398 149
240 249
326 472
431 827
18 984
862 233
155 883
117 318
303 905
142 265
588 841
253 413
278 217
886 98
465 838
695 298
748 7
92 739
607 204
149 612
886 413
606 12
41 948
903 588
316 362
28 598
582 21
288 779
936 167
735 569
150 225
153 131
713 91
166 431
439 157
121 480
632 287
952 582
422 880
791 473
850 119
922 280
898 542
637 349
894 116
396 583
201 489
954 169
257 399
81 835
957 802
137 625
889 596
716 931
557 860
870 348
575 404
600 656
802 212
732 405
366 143
224 676
180 888
890 781
546 209
569 304
586 766
113 860
156 456
357 345
694 840
830 280
833 532
397 579
644 452
562 893
221 496
568 214
754 129
848 198
320 495
156 29
503 374
824 47
471 916
700 592
939 430
133 379
563 458
166 253
478 35
26 416
798 910
880 786
836 325
411 151
583 21
986 737
680 844
878 563
718 772
535 342
620 30
774 365
197 507
397 233
236 279
74 118
202 387
296 964
198 655
463 505
580 707
435 680
432 502
644 604
633 63
46 466
89 813
953 704
223 930
404 776
277 6
64 765
157 592
782 478
718 371
985 310
741 690
585 414
110 483
883 161
721 718
281 285
729 537
612 217
393 836
730 679
379 447
287 608
181 237
156 236
426 260
432 957
234 633
588 408
238 97
241 259
792 173
811 251
228 31
926 216
665 594
254 33
156 323
260 117
933 565
761 790
62 109
519 959
341 186
695 811
368 360
887 67
598 18
835 444
764 270
775 33
518 691
843 118
312 654
645 308
415 189
1000 563
201 698
722 894
312 637
539 206
478 174
706 341
437 571
853 418
822 851
899 198
156 549
492 235
760 389
340 631
372 254
965 986
322 844
110 835
503 956
455 825
538 223
79 253
742 279
941 64
908 509
215 397
732 793
126 56
988 179
550 910
21 180
519 725
667 364
672 792
802 971
716 773
440 632
112 757
849 492
777 671
729 798
337 144
745 275
928 797
690 660
529 530
345 701
822 441
580 251
449 623
637 502
453 614
498 500
559 891
836 412
660 162
901 728
759 564
63 237
835 92
696 758
697 163
56 789
111 241
422 324
226 605
171 68
263 620
771 612
565 924
927 517
923 842
329 860
422 528
475 714
170 116
389 150
138 918
910 328
802 337
808 782
113 587
147 924
924 188
28 209
186 877
246 341
892 351
644 178
486 177
919 488
244 702
463 988
658 18
383 213
455 328
522 549
715 41
981 128
624 899
467 247
490 316
463 99
835 980
675 523
549 46
897 517
571 618
762 243
286 635
948 652
171 937
5 845
858 869
982 871
974 823
741 1000
304 229
396 717
20 673
7 485
546 633
103 380
411 800
606 621
242 672
538 981
480 277
7 122
988 949
661 9
275 706
148 188
375 973
379 502
256 21
857 886
405 956
689 551
851 612
979 539
584 105
842 801
919 987
594 318
7 937
726 538
788 226
76 140
829 970
846 856
964 483
911 228
203 787
111 378
868 7
317 263
30 756
413 276
902 230
113 98
422 66
801 852
708 639
801 331
216 341
986 889
350 592
796 458
25 367
302 391
176 386
918 397
540 118
961 175
601 64
490 641
729 407
204 579
100 700
28 433
628 990
95 507
409 270
727 922
417 811
123 839
391 379
326 852
719 167
336 980
514 779
889 136
764 24
746 771
358 69
163 121
610 306
371 516
555 56
340 583
897 956
954 199
827 63
306 522
723 510
727 478
896 372
382 297
607 784
395 312
380 858
237 575
347 3
275 734
208 331
409 612
157 286
142 626
333 509
561 858
524 426
233 825
198 965
508 101
552 931
699 948
336 62
268 583
593 140
975 970
660 969
972 875
450 963
542 429
105 384
531 982
848 221
524 504
647 722
815 540
587 661
380 397
18 136
421 221
4 971
293 403
166 99
27 235
200 985
847 909
114 515
118 219
984 165
645 352
614 795
300 727
974 691
666 736
387 385
249 122
505 480
732 609
269 989
805 251
607 291
204 758
474 726
88 295
70 139
309 833
143 885
600 130
90 592
41 439
718 598
511 508
427 523
699 423
276 348
281 194
907 146
665 74
606 666
448 351
704 398
408 251
245 546
11 54
784 374
396 612
699 133
910 41
281 284
949 981
988 893
519 39
465 152
284 628
910 928
52 456
912 417
987 63
333 893
315 634
706 505
673 780
234 614
642 513
121 565
502 683
780 695
358 911
529 336
255 801
842 968
667 686
80 31
373 795
543 592
838 864
233 567
62 18
104 292
964 586
507 161
713 974
753 137
539 562
523 637
174 539
1000 382
764 271
658 412
182 998
94 274
494 520
708 710
621 35
288 281
164 420
476 630
312 655
389 629
374 93
784 601
753 836
22 953
494 874
758 503
889 260
69 370
795 488
13 812
624 70
36 988
224 340
79 990
829 51
874 498
88 259
402 691
258 485
163 416
21 299
315 109
593 283
301 82
799 215
140 848
513 490
811 653
813 55
671 937
709 230
529 896
310 83
607 731
42 981
858 595
430 616
586 962
845 887
548 410
876 895
833 768
81 27
281 617
48 428
67 88
216 830
613 247
876 910
860 267
642 626
208 839
276 180
849 30
831 154
717 482
697 162
176 620
342 44
143 53
192 69
293 760
190 112
565 12
652 376
913 905
934 371
792 424
385 790
52 884
152 519
707 311
13 634
416 908
678 884
131 499
43 687
359 585
3 129
933 778
626 268
52 1000
317 53
853 99
123 266
342 1000
331 377
153 617
351 778
999 910
892 574
108 109
936 256
832 337
351 923
796 820
984 12
984 675
813 599
357 683
799 516
365 826
288 626
552 223
990 369
404 636
166 631
25 321
64 489
173 329
32 631
783 716
165 677
352 404
407 744
13 369
365 926
187 66
78 258
427 595
873 977
121 458
374 916
68 327
676 902
788 568
737 144
993 782
166 928
979 847
91 287
794 376
686 330
618 4
985 831
693 630
984 870
54 48
628 93
276 106
115 2
178 86
855 454
742 728
299 200
637 10
911 449
583 732
238 431
39 138
171 18
523 249
962 315
547 719
369 413
854 27
711 549
980 556
286 457
209 389
834 57
621 312
403 306
989 960
846 635
407 501
449 39
568 171
142 66
125 666
402 151
542 565
27 270
655 384
809 848
258 310
259 435
546 552
796 122
473 843
41 15
62 407
732 751
490 654
363 148
145 473
218 689
57 757
222 217
803 821
62 614
326 171
311 285
209 350
666 316
773 632
192 139
980 92
448 805
583 337
291 209
787 692
554 617
59 349
520 985
747 72
401 136
239 604
554 760
63 642
407 524
548 30
537 299
279 566
489 138
438 93
573 558
873 300
324 92
881 777
307 63
278 613
392 692
954 173
176 219
603 708
996 514
290 79
898 398
383 832
6 147
445 657
750 588
566 123
608 173
989 608
573 865
401 899
623 552
641 193
897 383
602 303
727 29
551 211
129 518
4 194
833 490
428 758
933 543
626 227
4 805
78 594
180 572
930 451
754 191
38 204
302 561
639 712
819 255
91 626
937 374
166 96
632 846
869 559
925 717
527 169
658 67
930 677
770 654
273 110
735 202
661 819
799 809
272 676
895 944
217 313
678 158
754 496
520 8
973 850
903 895
207 402
245 203
583 23
344 180
191 469
601 460
51 777
400 21
738 207
758 138
852 59
681 851
495 629
780 447
505 932
124 521
2 27
477 315
371 296
478 524
852 281
653 280
463 251
750 868
253 788
733 106
831 685
7 415
139 239
957 979
357 167
72 41
897 8
78 67
512 79
478 953
286 12
659 754
570 411
402 633
64 780
379 433
682 576
591 432
423 98
270 435
553 821
242 90
663 884
747 648
449 348
836 344
659 321
163 654
207 909
480 794
397 613
255 945
626 7
454 376
557 691
706 239
235 589
350 619
833 272
869 754
446 285
543 881
123 496
35 882
531 89
723 705
498 628
136 463
674 595
645 221
868 397
155 42
356 761
801 604
80 747
559 141
834 412
598 365
247 625
197 332
666 709
994 214
960 42
887 641
211 224
841 377
133 53
974 575
443 949
227 586
999 216
969 413
400 896
255 184
130 57
135 808
887 935
600 159
664 764
818 381
802 598
289 521
676 99
733 78
816 358
124 587
416 900
509 31
968 48
72 69
3 761
758 717
941 291
858 451
984 826
234 441
487 985
769 82
832 985
560 121
869 193
138 35
732 351
200 376
788 89
521 610
104 980
823 545
424 987
332 252
445 955
617 154
768 180
590 327
518 480
857 468
506 701
379 40
657 559
626 43
99 441
192 629
119 42
345 925
764 445
765 596
179 369
969 251
77 626
960 586
373 683
374 156
375 333
540 775
749 64
456 825
647 283
298 496
463 990
106 697
985 90
607 55
221 664
959 586
491 126
520 192
294 735
688 918
783 173
69 341
239 869
790 351
59 451
270 16
451 685
783 606
843 451
481 134
887 538
139 504
657 379
2 80
900 553
741 901
316 304
186 803
712 661
278 978
698 968
537 334
150 331
262 401
150 370
624 464
951 31
811 744
742 384
45 176
232 585
570 369
163 189
37 860
423 375
112 776
621 866
177 329
745 301
94 994
96 359
388 621
225 581
742 226
768 963
665 381
59 730
129 171
246 856
290 266
994 790
920 941
696 660
273 581
290 381
353 565
5 134
172 633
104 95
590 419
597 555
431 269
480 742
717 868
773 18
367 607
578 490
964 643
87 620
539 509
817 935
434 261
108 428
715 156
716 179
365 283
960 709
668 14
616 359
799 820
840 955
530 43
9 744
639 410
568 377
92 591
348 737
332 834
810 474
340 397
838 388
253 700
74 81
477 52
825 793
121 26
594 555
80 977
602 890
568 966
897 656
224 140
779 724
968 283
992 129
851 198
245 731
27 536
581 81
547 193
324 206
876 531
880 598
281 727
646 535
520 647
372 210
779 434
893 816
159 156
127 616
82 411
449 932
730 607
439 277
570 388
890 921
121 688
105 219
696 594
717 452
385 401
24 79
134 244
318 273
379 261
696 705
812 367
834 723
195 375
916 445
479 183
228 501
317 916
974 544
769 725
74 776
205 457
854 496
198 628
588 164
277 907
260 95
501 429
782 252
216 307
179 425
159 903
237 419
701 500
518 714
811 348
761 601
393 57
263 997
213 202
222 408
99 175
311 578
973 849
26 912
321 746
207 258
819 388
439 431
273 758
634 397
746 579
965 995
109 648
718 549
221 19
210 772
211 37
784 59
272 239
607 451
957 752
852 282
604 331
353 958
118 69
366 324
470 540
168 590
971 98
842 193
963 397
49 253
231 717
362 780
271 586
736 17
244 360
76 609
167 826
928 722
241 439
372 635
289 585
85 526
160 955
489 562
878 180
661 402
259 974
649 378
482 653
130 801
59 35
722 755
155 670
816 628
946 703
263 811
316 984
344 341
250 657
28 55
485 760
61 953
763 195
749 492
877 183
632 986
373 1000
374 83
274 693
916 772
800 277
32 911
970 205
787 529
148 769
23 542
10 878
762 107
909 94
306 245
823 440
543 199
425 705
106 774
162 532
749 560
903 401
64 318
267 371
793 93
381 106
44 359
802 599
324 247
533 997
898 162
741 578
874 37
492 928
128 825
620 15
867 872
29 759
980 585
820 742
504 358
941 290
634 980
379 495
21 260
492 979
897 309
238 401
726 442
730 809
432 604
278 267
999 562
156 307
668 326
360 142
68 711
986 78
119 21
99 299
247 99
854 457
70 885
623 260
806 300
256 584
259 699
223 138
363 511
261 395
901 153
360 655
528 783
493 626
808 559
493 769
4 28
350 5
133 432
728 326
340 148
568 495
911 833
681 176
350 37
995 976
506 239
473 926
240 959
477 958
792 870
299 886
598 398
878 634
161 777
236 459
308 968
157 977
182 524
495 575
794 130
515 793
709 277
452 770
231 345
718 541
735 705
684 597
69 398
729 536
602 790
162 683
920 286
184 931
653 351
693 850
231 823
659 990
160 609
827 574
224 975
900 840
20 40
871 231
12 312
880 698
314 48
764 568
232 473
413 828
16 970
73 655
372 413
428 351
694 70
72 497
690 202
629 563
741 425
617 91
779 196
565 731
529 72
275 421
591 619
354 694
171 20
575 414
177 955
159 767
433 958
929 17
695 590
243 567
706 165
209 507
318 39
247 71
564 315
13 523
450 999
488 334
513 707
643 684
591 830
354 267
448 827
726 19
570 519
644 258
810 22
482 423
66 806
98 247
965 603
970 291
143 719
365 427
545 941
984 123
641 814
930 865
637 999
273 525
377 22
17 165
606 97
295 954
458 515
226 373
13 483
399 1000
593 68
461 543
832 93
619 135
840 632
804 19
148 543
439 104
309 524
83 179
853 923
35 52
846 332
166 962
171 692
614 152
119 794
527 739
466 872
768 642
514 222
96 149
832 537
907 73
175 993
698 190
883 118
647 11
358 644
622 465
197 522
327 591
845 142
87 207
72 380
128 446
57 8
96 610
59 598
581 549
15 387
879 192
871 124
753 244
602 167
358 881
548 769
688 388
290 608
519 645
322 305
288 129
513 600
294 939
77 569
283 134
599 404
182 904
455 380
121 488
632 959
497 329
621 205
658 89
643 311
916 556
571 107
816 361
192 971
446 976
322 578
382 978
351 989
178 5
89 742
145 340
643 213
645 527
231 882
260 547
157 921
28 519
823 452
861 443
689 992
102 319
12 19
788 924
970 795
366 640
760 331
944 690
546 730
704 274
228 624
559 668
46 321
596 562
128 862
954 230
611 741
106 487
694 236
401 907
811 576
3 671
225 617
690 639
485 65
927 894
840 80
343 103
537 208
75 46
997 998
500 514
798 233
859 826
513 79
773 405
538 554
116 978
262 922
910 598
638 891
841 642
384 820
574 707
975 896
744 170
172 947
582 866
280 937
57 149
294 154
320 545
618 542
527 376
893 392
655 647
627 740
220 854
333 593
687 518
579 137
407 2
492 182
538 838
695 234
65 140
543 883
303 254
450 862
5 765
679 371
493 796
758 296
283 98
907 876
142 171
815 128
818 676
361 791
892 533
714 789
199 863
832 328
245 173
800 278
433 275
749 344
291 909
752 196
499 928
852 234
545 947
944 624
726 630
505 370
779 170
447 517
315 241
478 607
316 302
381 377
657 302
418 762
382 59
864 278
700 132
336 927
671 773
729 684
489 183
805 591
421 886
135 200
564 974
196 458
180 983
91 308
861 296
185 959
977 299
673 594
855 334
414 16
417 284
629 941
176 229
231 577
423 435
760 803
375 922
969 68
128 482
265 177
129 930
497 808
684 212
370 32
980 927
985 627
12 857
458 725
167 63
725 625
268 854
730 985
488 452
198 659
181 109
13 742
584 702
587 705
859 356
20 402
61 762
468 748
820 121
260 16
194 268
108 330
329 563
570 723
826 697
536 121
189 7
924 94
394 813
827 653
934 163
773 879
633 718
263 595
856 427
457 288
819 273
493 546
724 354
49 670
130 93
1 723
398 591
538 490
422 959
819 511
133 48
271 615
239 724
305 974
540 419
529 182
567 922
163 496
883 545
365 778
757 56
596 122
653 143
391 160
857 594
92 425
19 997
68 322
803 177
514 36
92 88
664 585
992 86
297 788
779 392
581 12
509 33
510 330
438 487
846 480
613 443
297 933
780 822
530 929
159 331
312 466
538 832
890 899
586 628
399 361
609 701
703 799
426 329
266 414
105 142
137 134
690 873
431 553
547 752
750 457
73 889
175 556
99 761
171 164
337 700
308 75
826 392
632 599
982 31
207 750
273 869
419 931
725 375
839 318
587 378
551 415
791 620
60 474
170 374
354 251
160 416
217 177
964 647
545 819
400 270
644 33
948 950
305 647
841 469
511 17
256 913
147 807
164 76
226 370
999 141
28 959
322 769
272 118
736 459
370 841
480 137
278 60
745 659
282 435
144 432
36 102
554 743
224 142
336 968
153 134
120 975
46 443
638 305
783 850
816 337
101 297
276 481
534 698
920 463
295 505
376 808
245 586
712 913
775 960
91 493
256 70
935 702
738 844
902 461
580 63
910 968
769 408
602 337
410 834
142 737
976 535
354 603
962 282
308 676
720 200
77 837
51 598
659 151
699 662
369 914
118 386
506 352
948 127
420 560
576 678
76 595
136 71
35 859
125 699
782 109
620 333
271 488
403 544
957 217
26 429
152 864
855 766
783 437
517 273
645 364
670 817
984 88
732 718
460 609
187 707
633 887
740 573
733 830
231 186
235 972
814 143
853 747
670 979
988 390
571 406
370 877
580 712
999 6
819 676
306 305
573 365
745 536
852 292
608 768
182 279
10 396
413 961
346 484
861 451
239 339
539 107
29 529
780 879
15 546
255 75
381 62
241 587
168 735
831 396
577 805
634 958
379 453
628 144
80 517
461 215
335 706
305 817
458 815
898 512
349 802
560 47
997 118
449 672
431 624
214 352
807 245
884 472
543 719
506 674
243 480
750 385
761 936
320 546
428 725
731 468
185 312
331 613
886 624
907 659
372 906
801 134
217 975
810 92
459 6
770 80
597 372
891 27
263 954
606 482
91 595
169 253
99 124
799 474
86 362
913 238
515 590
199 969
311 563
683 900
79 535
501 161
874 845
527 831
550 116
436 200
264 485
819 117
697 913
130 274
500 286
852 235
37 353
790 289
885 109
28 612
400 899
885 30
961 550
581 245
7 521
737 31
697 52
858 829
766 386
694 431
400 673
755 576
663 352
799 96
642 189
241 742
167 762
370 450
119 733
980 587
766 124
755 973
81 142
357 41
530 973
840 77
971 805
882 504
833 772
483 415
120 451
998 290
489 754
720 370
702 550
428 411
841 111
458 722
760 514
137 511
998 524
397 565
678 654
146 375
589 33
811 107
868 104
209 413
912 962
674 801
768 294
933 980
163 26
716 59
459 774
916 597
518 257
133 301
338 817
507 830
71 81
881 205
749 836
761 535
304 880
341 443
127 334
610 884
84 147
657 205
565 460
325 855
882 576
442 597
120 615
973 1000
170 983
913 901
162 566
201 4
412 506
58 647
23 839
282 463
103 149
505 766
272 297
370 516
520 543
816 438
407 597
836 825
969 152
805 610
21 211
867 825
284 875
249 626
802 1000
840 139
289 667
533 872
417 337
968 339
722 83
232 475
46 275
196 190
401 850
203 714
982 298
242 812
542 777
245 919
854 559
512 300
819 856
362 725
650 203
799 851
828 922
262 976
584 110
252 228
402 719
940 339
157 87
234 698
642 709
898 891
316 760
388 797
152 199
364 652
590 422
151 558
161 382
949 461
329 716
914 128
838 575
308 362
570 517
621 400
939 440
632 822
463 526
264 240
411 99
621 86
568 30
398 159
865 748
166 203
149 251
139 729
355 286
269 210
161 969
861 536
255 313
166 346
856 392
179 157
731 984
933 12
98 471
959 760
374 264
14 713
911 581
305 864
838 10
418 577
370 838
116 358
120 865
943 965
286 600
73 109
936 173
477 211
40 188
728 783
395 192
59 392
736 298
276 242
96 73
866 677
478 679
990 282
373 403
395 81
936 971
666 252
554 775
31 450
919 939
167 642
189 966
247 652
177 362
642 578
57 300
664 836
607 940
405 874
834 524
379 425
315 597
769 264
932 972
994 825
811 149
812 362
7 904
86 899
146 300
479 176
24 250
768 383
661 492
579 175
997 388
411 801
52 291
711 410
70 550
971 297
441 969
341 683
777 112
762 670
299 756
127 51
947 768
189 571
824 53
255 767
916 525
245 505
599 406
774 832
248 758
609 170
130 668
792 817
892 848
743 632
389 685
174 845
451 840
577 478
101 776
818 992
196 540
273 414
774 895
192 235
988 391
199 552
740 796
118 664
157 776
712 577
840 406
359 801
974 961
757 511
280 749
244 38
889 175
762 423
511 289
486 47
72 847
880 998
737 99
150 374
558 115
337 285
376 197
231 889
414 58
436 534
220 381
427 73
318 726
358 727
840 82
931 381
284 625
584 87
954 632
821 278
533 386
403 165
721 994
958 913
96 864
962 460
963 61
659 468
769 276
220 562
77 919
538 603
926 194
489 567
623 124
863 685
699 580
385 668
337 763
726 383
484 894
730 114
413 294
787 489
848 9
332 442
406 913
962 1
946 698
88 686
569 161
807 939
167 456
800 987
790 762
113 190
61 950
94 394
506 103
369 997
170 734
744 759
250 96
810 527
420 154
964 763
896 983
732 213
37 159
4 488
835 420
852 244
746 531
784 892
823 437
143 807
195 517
468 617
671 737
822 631
791 634
988 363
970 938
224 216
956 137
685 453
387 670
497 135
16 180
680 219
477 283
580 444
102 168
799 210
858 826
305 138
828 290
153 494
63 599
753 54
68 255
140 732
767 831
275 575
239 374
279 747
107 544
551 595
145 771
845 882
928 775
25 853
979 660
249 570
822 34
99 993
206 775
138 47
46 940
879 36
683 377
550 24
172 770
284 708
608 472
479 891
760 515
48 655
13 659
432 558
825 73
155 718
677 589
308 480
682 213
308 407
402 172
630 598
351 83
764 296
827 703
298 508
852 955
445 123
356 522
554 205
829 469
460 600
652 626
445 492
874 686
545 902
13 168
783 388
679 631
863 234
460 687
210 534
908 859
602 576
508 983
568 720
44 3
385 337
888 621
45 744
752 834
283 287
934 530
663 48
760 423
124 790
857 551
197 78
239 583
397 966
696 454
98 645
983 580
106 136
642 926
568 925
26 280
681 642
537 966
149 924
281 12
598 841
82 726
180 774
534 33
186 147
187 182
799 71
158 853
162 392
668 275
112 791
846 486
632 46
154 446
121 559
177 333
984 875
234 374
73 652
882 394
718 220
868 713
261 485
245 918
608 134
183 448
307 712
258 183
194 100
471 325
842 811
169 751
918 652
722 261
375 233
952 258
15 557
207 976
747 642
116 699
835 688
432 714
231 781
39 487
743 915
801 220
126 915
364 796
717 864
260 103
450 789
605 991
882 816
248 876
249 405
446 729
930 666
218 408
790 674
222 416
468 992
568 398
930 781
34 801
203 341
499 970
249 904
585 589
527 886
1 652
574 311
444 200
504 803
343 594
17 154
715 335
385 587
943 855
418 606
300 926
796 519
73 108
92 280
93 113
554 741
222 911
728 784
675 267
362 114
35 168
236 607
830 692
794 391
828 507
470 404
556 397
545 78
427 707
784 256
589 467
754 35
903 9
582 456
859 885
660 258
847 116
906 910
51 781
145 598
293 968
177 587
402 816
726 481
690 779
569 426
91 826
882 227
186 602
669 159
686 807
564 363
38 886
894 799
522 931
691 616
104 206
344 381
161 281
553 527
365 217
511 761
833 271
541 246
139 922
66 150
568 76
17 314
289 445
274 427
665 778
830 204
856 327
624 739
127 432
420 784
97 613
670 676
213 839
253 237
907 144
844 367
517 287
475 154
692 779
354 986
804 717
290 975
244 427
738 89
499 599
192 125
799 586
231 180
912 358
532 803
749 771
304 502
14 597
933 257
905 812
406 131
923 279
504 29
288 814
547 917
754 945
594 922
762 420
410 369
49 23
966 346
897 865
55 25
667 560
160 206
975 472
233 195
641 356
477 645
366 993
571 988
149 69
956 443
443 360
11 949
543 117
374 832
146 845
433 524
978 174
485 78
882 466
285 423
722 130
366 178
24 175
241 593
6 3
946 966
603 453
591 556
47 578
263 513
376 753
860 579
137 82
564 335
394 579
532 173
330 581
248 966
322 225
51 293
507 167
324 791
256 543
12 602
21 785
934 206
282 531
619 742
411 957
363 420
477 692
98 203
354 161
616 276
946 287
981 4
322 387
565 325
382 531
222 120
388 298
563 348
387 88
892 528
86 475
144 830
677 236
435 209
57 711
525 633
797 330
295 756
802 222
26 161
615 673
841 470
617 927
303 831
968 170
71 435
371 493
558 624
59 152
477 233
171 834
870 832
83 14
785 502
325 437
55 204
72 260
387 558
698 928
400 675
46 352
323 829
234 128
508 487
509 26
845 992
497 626
629 825
851 371
376 849
964 50
547 106
272 636
738 643
522 340
225 572
889 533
727 269
712 58
803 325
181 345
516 934
967 291
280 134
890 989
300 313
929 303
34 909
767 749
261 161
43 217
734 853
99 734
6 382
345 322
878 84
925 509
584 673
693 65
548 836
626 36
939 193
544 287
925 366
674 942
369 166
939 350
193 80
356 420
284 137
71 83
436 508
990 831
196 800
322 487
640 512
53 629
535 689
94 131
187 559
919 342
795 172
905 444
528 545
636 962
620 447
657 195
291 989
866 91
591 750
316 120
634 239
192 54
247 592
675 931
92 535
329 227
353 559
649 560
374 349
321 583
476 229
616 716
836 517
841 233
698 610
291 136
221 87
334 366
979 119
790 161
698 981
861 103
244 31
707 641
979 996
875 855
949 708
144 373
497 653
166 986
917 732
963 440
727 563
694 312
401 967
699 82
572 732
8 895
600 525
929 489
859 872
639 936
647 729
510 472
974 75
120 370
346 252
661 131
719 701
713 588
75 297
484 977
53 343
786 615
739 605
795 735
733 4
375 153
692 333
433 860
98 608
238 147
475 559
740 113
815 513
708 983
195 700
207 753
872 216
969 802
679 167
477 587
565 134
437 712
265 671
415 917
593 563
43 542
27 181
523 776
126 733
18 976
917 804
133 207
882 531
442 644
994 441
117 262
445 271
122 108
641 802
625 371
532 665
882 610
277 566
126 119
795 57
197 271
144 149
588 720
832 34
279 249
121 29
943 854
726 578
287 274
1 429
365 858
267 302
782 579
685 268
723 169
173 56
283 536
841 22
269 741
457 797
404 892
97 486
551 754
667 958
186 827
690 373
31 63
880 587
519 282
277 91
145 765
483 874
390 458
144 594
586 949
515 499
918 988
570 385
113 618
332 972
703 687
745 125
817 344
676 533
626 936
474 397
253 11
369 337
208 209
254 828
785 907
163 523
78 442
962 281
726 486
543 724
68 756
259 985
78 549
48 584
250 60
259 614
723 279
7 680
223 658
731 340
477 574
702 169
249 455
618 984
915 480
178 202
811 339
354 154
317 6
209 645
69 613
506 65
342 955
346 566
93 627
4 373
264 381
624 883
316 177
65 375
840 811
88 16
739 275
297 260
616 614
275 578
191 864
784 786
162 922
786 320
996 324
818 794
503 563
652 281
448 775
505 346
667 892
525 118
158 609
183 689
92 499
371 302
355 635
232 280
49 22
953 712
797 917
594 810
465 358
836 883
810 910
171 660
334 64
559 521
290 250
902 285
429 785
251 531
654 934
534 712
37 992
447 1
586 651
717 483
97 142
544 935
281 519
618 376
79 778
734 36
973 202
901 381
354 634
68 744
110 39
773 179
422 419
208 987
861 873
251 95
734 920
845 353
539 666
402 782
830 399
860 866
420 599
627 665
564 868
302 599
782 221
156 601
352 980
117 732
880 410
723 692
761 489
69 490
126 533
93 500
238 647
791 887
886 51
814 460
338 509
108 151
718 872
165 936
923 212
652 430
981 470
230 825
69 268
895 176
485 454
258 77
762 231
504 203
276 256
767 74
733 422
538 175
735 744
205 589
425 597
638 509
552 8
625 758
572 8
619 464
732 785
272 351
591 94
79 362
233 190
729 801
254 196
309 979
250 541
557 43
512 184
788 257
718 198
21 414
150 626
997 949
401 772
524 410
266 486
413 117
234 562
641 146
719 157
665 276
902 27
595 599
635 514
238 5
39 108
582 834
751 969
99 693
945 240
704 988
726 153
268 801
881 437
489 930
40 640
720 34
259 702
118 475
227 242
7 752
467 579
341 102
102 47
950 960
166 83
294 100
995 249
420 986
44 990
578 162
193 192
165 106
260 818
193 369
69 462
567 752
861 979
576 173
658 717
957 480
960 12
527 562
684 963
477 91
336 849
823 264
515 107
755 622
239 577
331 698
957 706
309 563
755 543
418 516
421 901
903 257
63 740
67 737
68 334
514 32
552 371
640 608
385 124
715 228
138 655
141 663
572 733
923 877
428 197
771 544
984 877
551 625
583 469
662 458
721 782
295 311
291 691
779 106
102 775
394 196
609 689
239 106
75 216
885 676
905 348
910 611
603 415
487 840
915 779
417 281
241 370
774 50
831 167
483 269
798 948
837 978
342 464
380 131
933 659
916 423
789 671
294 343
775 412
817 622
627 307
241 92
651 739
969 848
34 739
207 752
670 428
930 553
212 265
30 223
184 298
572 850
373 826
544 621
361 344
75 128
97 968
188 481
88 53
306 84
749 320
268 283
500 290
681 889
306 39
236 292
844 555
640 910
95 257
889 438
746 617
448 828
353 354
353 113
465 607
616 809
339 194
603 785
529 150
70 310
788 901
92 282
672 634
106 234
289 602
624 355
935 967
21 131
946 204
780 240
927 99
508 441
714 380
444 942
384 225
561 487
715 444
512 749
361 73
205 456
160 695
234 360
863 775
898 393
9 438
745 124
124 367
487 799
897 199
368 953
755 55
501 883
894 686
91 143
502 583
871 714
33 10
17 909
551 933
50 21
560 490
835 173
765 308
15 63
544 745
468 689
179 318
678 804
425 740
423 955
282 573
433 703
696 3
40 999
826 650
421 86
332 375
133 354
406 856
66 775
435 472
692 247
952 860
240 30
579 607
875 436
782 992
493 597
848 620
598 614
819 29
306 120
640 888
442 520
387 393
615 893
874 631
641 958
786 321
680 964
159 684
301 511
539 27
840 522
13 464
876 312
680 83
553 235
741 886
45 836
28 691
378 568
724 235
727 660
853 969
604 321
837 184
277 13
335 827
817 8
410 494
220 875
234 170
384 205
884 96
382 31
475 491
479 733
580 136
618 71
266 112
565 636
841 764
276 41
152 119
595 973
104 848
11 268
901 477
343 211
200 323
682 587
510 608
959 421
689 881
180 316
275 480
800 641
431 749
643 973
897 461
132 334
939 86
655 178
983 257
750 116
181 775
895 750
473 121
957 581
5 506
902 632
317 440
411 959
527 101
216 277
17 292
255 668
950 916
844 431
683 233
498 623
90 169
960 259
882 789
1000 516
450 637
307 412
491 395
273 220
383 137
350 450
616 564
790 330
403 798
888 596
727 997
954 906
726 536
452 645
182 570
827 947
629 451
461 593
79 934
50 232
947 330
586 54
867 547
35 149
201 253
193 833
927 426
270 939
876 450
182 247
613 713
352 238
478 866
745 393
963 478
219 894
354 987
996 542
764 530
730 622
106 452
128 174
607 848
498 410
832 582
428 369
682 668
827 349
634 833
416 472
974 271
66 280
640 87
513 991
956 693
328 295
664 93
632 465
794 800
389 12
929 15
308 124
610 716
506 309
473 36
368 318
739 769
393 299
307 173
324 885
91 514
899 593
747 626
900 234
445 7
230 871
251 344
877 4
517 435
645 142
170 302
118 232
378 77
218 754
783 272
108 470
515 686
850 924
592 267
114 579
338 591
464 926
36 794
787 962
572 436
809 30
564 722
687 101
268 501
112 255
482 961
376 324
163 358
101 49
280 522
832 119
28 580
417 759
879 931
326 865
40 394
684 595
602 668
869 246
68 312
604 136
474 627
357 774
358 33
159 16
532 839
608 972
802 996
438 504
849 455
78 19
116 194
313 911
120 261
229 429
466 785
985 775
656 353
335 507
327 976
310 166
2 623
538 845
656 636
542 781
484 253
622 443
392 432
345 529
256 238
702 631
189 640
488 7
182 368
107 815
471 326
349 870
837 542
725 943
907 670
581 587
51 720
271 991
293 563
310 627
773 377
464 431
964 468
656 813
865 917
517 868
223 327
152 764
3 254
989 755
838 928
765 640
344 356
368 592
238 768
39 369
904 198
703 222
427 467
948 23
494 601
384 880
99 43
264 244
657 899
715 149
790 673
539 355
137 235
9 640
172 777
654 80
657 796
910 254
165 13
203 342
425 976
814 410
173 626
563 150
321 775
588 835
44 737
467 154
654 370
838 511
512 891
491 224
202 405
4 419
407 806
66 740
896 769
533 724
573 211
791 156
124 820
864 356
809 421
667 771
390 686
523 400
729 638
179 605
220 119
721 574
851 207
656 431
486 150
785 589
179 714
418 942
42 770
968 78
707 524
104 599
871 769
943 660
141 698
146 868
495 29
500 645
873 958
690 597
506 838
693 594
505 873
706 176
786 799
113 761
220 699
573 889
40 903
495 352
413 429
217 997
322 198
498 791
890 757
170 8
342 108
716 409
111 671
172 747
545 7
13 553
341 172
497 735
342 223
398 93
666 821
920 733
132 154
384 148
249 453
327 119
717 980
493 818
90 701
907 838
123 349
736 928
557 892
102 118
722 955
27 147
783 328
342 552
18 818
406 309
464 870
800 256
305 678
365 538
793 633
353 178
120 675
525 146
619 827
191 866
676 258
112 263
476 312
494 945
387 281
597 768
653 46
247 651
268 12
96 917
783 780
457 174
480 25
851 122
282 259
466 36
604 322
555 782
319 499
132 981
918 775
874 200
237 353
770 415
353 751
335 939
466 838
875 686
774 345
384 125
763 194
828 632
12 589
965 433
113 532
2 599
242 880
43 353
86 705
470 864
594 364
319 69
157 106
51 667
877 731
806 601
578 664
284 275
20 277
389 184
462 998
123 170
621 359
530 897
204 105
367 559
905 90
981 815
730 225
269 419
268 779
790 783
424 660
21 798
976 999
27 337
856 695
213 6
550 143
807 495
187 919
282 897
269 133
398 859
881 181
458 206
313 705
80 596
173 553
579 570
657 228
360 740
424 65
919 768
49 628
58 135
235 897
247 665
623 786
663 187
304 668
600 73
283 311
13 98
650 857
631 660
720 457
121 219
585 868
378 746
952 693
348 966
371 415
575 893
852 470
836 947
413 670
567 829
969 22
328 362
36 187
168 499
268 468
559 170
689 151
966 325
20 663
707 567
400 228
508 482
695 14
405 204
978 254
779 499
3 1
306 643
950 120
167 838
944 1
784 474
826 45
760 809
523 71
715 204
985 964
366 77
217 739
200 463
642 762
919 830
939 36
777 833
794 801
997 230
303 469
964 497
198 661
702 261
29 165
323 408
108 674
311 991
898 946
403 272
527 569
246 304
925 363
854 51
892 226
126 970
588 235
290 930
184 161
976 333
429 641
268 513
400 393
943 488
378 74
354 598
456 944
936 378
882 746
866 951
633 720
668 81
415 515
28 304
416 722
340 309
813 573
939 654
870 694
463 196
856 32
507 640
331 606
351 531
762 150
780 281
36 46
947 312
733 279
813 735
965 251
600 212
306 355
714 100
414 967
222 919
672 537
358 87
220 108
420 382
576 508
558 60
121 465
174 325
844 994
991 886
448 670
438 505
228 901
579 205
58 196
149 235
932 96
449 577
211 542
485 131
893 6
31 267
90 853
253 423
419 15
516 901
7 786
923 909
621 636
547 873
548 566
953 194
96 605
295 23
389 478
564 492
157 82
488 407
768 249
755 379
479 859
726 328
178 754
195 272
713 851
952 501
260 476
759 304
223 226
872 76
583 742
713 828
796 346
190 996
85 146
782 232
307 136
592 202
97 748
613 684
598 80
138 658
471 981
716 171
442 784
819 146
929 598
288 346
184 411
829 501
723 622
47 40
13 200
182 705
628 945
826 953
300 628
22 662
731 844
284 774
88 341
505 573
26 23
607 761
123 877
452 877
756 37
27 611
747 208
904 832
442 182
227 872
289 713
896 479
590 809
56 642
452 146
521 887
45 285
963 294
357 27
909 692
915 587
474 281
167 782
349 935
479 640
11 226
986 380
659 590
54 438
612 662
19 391
190 324
27 189
307 552
859 23
163 524
493 237
313 127
918 684
480 920
617 201
446 189
673 239
471 730
722 628
708 935
251 948
155 71
588 333
256 408
593 481
833 402
468 691
15 174
626 107
807 898
900 224
441 765
761 752
692 66
985 504
493 817
701 268
186 811
834 239
728 406
375 269
736 929
717 610
313 676
723 669
479 371
174 743
435 432
536 650
967 478
649 915
248 618
669 624
727 303
925 998
794 140
32 891
715 414
992 633
165 945
828 215
919 8
10 882
482 791
925 919
729 270
639 311
508 795
473 584
2 206
746 587
947 368
785 381
608 568
438 869
88 734
461 572
478 618
687 370
344 586
42 735
956 337
116 502
44 379
942 164
546 725
177 94
106 204
234 25
453 735
897 869
119 838
409 899
263 40
927 65
505 554
400 714
967 328
313 666
466 839
174 492
197 949
718 233
132 756
634 952
11 177
530 995
112 930
820 552
432 985
767 757
953 137
202 111
615 730
232 54
323 129
472 581
904 466
152 42
854 330
621 725
199 387
826 475
681 429
371 570
579 225
137 86
648 934
265 506
108 718
860 893
848 157
5 504
27 336
377 667
393 414
86 253
605 771
821 838
165 226
367 871
939 391
428 588
299 612
330 946
807 644
155 37
268 380
929 542
786 385
493 567
442 699
758 461
634 215
891 748
451 811
658 199
867 480
71 286
553 43
165 853
232 922
598 469
206 434
813 762
858 969
389 391
680 49
348 967
174 191
932 111
571 313
975 11
686 90
118 616
875 879
470 705
21 185
443 283
339 474
654 871
687 287
291 351
475 234
96 229
78 53
426 570
465 464
470 931
825 656
418 70
719 820
885 604
798 189
233 989
971 731
163 998
617 103
285 391
252 222
676 552
955 499
613 243
816 859
302 954
284 705
432 596
322 837
447 588
707 3
835 214
84 650
929 13
488 459
180 385
532 222
695 610
310 516
424 595
471 714
65 839
782 354
674 827
147 937
399 227
212 641
673 497
912 855
763 71
364 836
596 751
321 31
921 856
157 588
777 284
670 593
936 379
972 361
773 872
703 491
782 990
804 690
752 195
571 665
218 675
610 225
611 136
829 65
558 897
316 116
9 580
795 909
269 906
553 7
75 967
152 164
980 66
212 180
838 32
714 18
520 807
741 827
61 409
451 549
876 258
153 477
495 948
754 108
305 88
35 179
914 754
310 491
633 252
787 225
548 115
189 236
520 660
483 882
712 892
875 728
508 263
163 164
17 480
827 413
499 252
119 703
894 50
983 655
71 967
777 283
872 753
172 65
659 565
642 957
590 31
100 303
743 60
893 246
694 969
346 107
864 996
665 757
24 235
82 412
391 515
565 852
53 96
988 605
845 452
260 334
959 76
686 780
160 874
180 101
788 23
857 532
242 234
939 144
467 755
838 934
269 409
398 71
327 423
402 122
29 670
756 967
207 765
562 988
427 469
424 365
846 752
317 510
688 766
240 245
757 560
313 655
443 584
905 371
585 743
89 496
491 452
53 597
100 328
944 222
352 765
154 431
703 706
912 383
566 908
678 330
738 33
421 755
444 13
861 165
476 197
849 869
616 812
837 204
31 773
88 453
954 488
59 196
810 884
760 311
443 101
432 498
418 829
295 609
277 246
850 216
780 243
951 122
718 355
646 524
43 194
427 710
724 944
85 942
727 467
304 11
50 611
72 55
879 276
771 513
667 720
979 738
435 345
65 707
617 942
266 716
994 832
24 88
507 451
418 336
475 865
402 825
578 690
264 854
211 795
935 106
523 364
411 694
817 655
947 616
68 519
234 811
4 815
173 912
251 36
714 692
821 240
290 632
972 124
646 261
80 332
192 694
501 436
643 513
825 358
221 565
384 218
728 407
302 430
86 321
808 495
769 895
934 147
463 921
308 805
147 556
296 146
249 150
222 163
350 372
978 581
871 274
374 366
602 517
676 268
251 900
352 264
580 733
856 136
31 872
930 313
899 500
12 11
175 585
676 226
826 506
353 771
119 976
616 919
250 637
587 517
845 614
257 197
738 406
478 645
612 224
709 247
362 994
296 524
614 188
816 195
963 372
746 12
508 525
971 929
515 467
737 327
996 500
375 63
56 96
732 478
408 462
200 326
828 440
670 47
1000 946
802 127
327 440
368 567
169 554
647 261
404 83
803 199
428 573
420 368
507 92
807 67
705 537
902 861
975 825
506 284
323 446
700 788
294 237
354 344
7 648
503 185
369 229
424 662
186 861
608 786
336 592
570 711
184 374
27 192
598 153
667 272
961 243
389 634
819 205
51 119
363 185
532 750
534 35
239 283
925 969
947 177
397 176
914 346
365 764
918 370
814 323
235 16
805 132
74 158
883 732
921 447
975 244
23 203
304 407
512 876
524 205
201 17
398 661
461 735
153 214
456 110
148 479
735 613
738 459
898 349
905 976
157 663
965 224
101 289
664 629
59 125
978 109
854 824
215 374
551 760
254 200
384 172
759 885
229 438
348 353
798 290
295 271
150 630
997 945
279 854
854 538
525 602
106 338
950 489
335 687
525 939
251 672
328 695
160 663
995 919
438 38
541 287
186 543
8 275
302 661
48 532
713 774
454 944
775 694
616 87
9 911
431 480
296 445
801 276
566 532
19 339
613 519
563 270
122 226
303 11
936 380
26 492
269 469
429 929
179 134
819 47
2 434
293 178
563 44
127 85
390 935
781 353
175 291
205 924
136 977
357 545
31 800
896 727
70 206
606 940
987 46
797 873
245 348
398 915
658 605
823 181
720 890
101 995
180 482
217 609
470 893
475 344
847 160
228 560
210 231
46 641
968 455
879 755
129 75
43 397
7 110
820 707
90 928
822 401
806 810
272 605
467 962
699 198
737 399
319 45
612 784
860 371
437 46
559 803
513 911
156 388
111 168
404 264
388 885
229 570
561 955
428 630
437 448
989 819
960 787
104 73
109 456
200 636
377 624
697 421
188 668
186 930
412 416
15 430
886 802
105 835
235 668
588 920
312 739
857 741
123 291
342 515
145 69
678 105
457 379
776 225
969 656
700 256
519 828
296 70
889 457
967 282
386 75
634 127
836 727
362 346
364 508
737 894
573 208
150 3
317 530
672 527
568 976
166 793
171 897
723 172
906 628
266 919
728 790
582 145
620 860
897 799
202 709
297 751
287 972
349 643
746 41
823 959
64 931
621 346
975 736
813 133
507 374
495 399
500 567
641 173
54 154
419 523
976 828
246 946
228 153
871 625
323 167
604 812
971 627
738 934
668 561
206 752
446 163
525 836
506 662
342 496
215 866
113 984
630 839
996 21
688 302
858 82
17 674
735 392
682 772
742 704
708 560
336 617
783 6
270 111
790 870
479 95
688 524
895 583
316 872
669 812
856 333
912 559
164 436
790 576
298 446
688 874
66 946
505 146
444 537
861 629
511 940
611 114
355 432
374 508
781 148
286 882
610 166
559 99
691 91
828 64
574 420
795 393
373 173
175 475
218 13
790 140
684 903
386 222
25 262
154 162
516 677
927 301
72 999
93 943
336 940
345 914
932 452
675 442
713 243
576 515
698 889
594 182
825 580
7 33
180 619
72 84
988 962
668 960
196 121
883 250
327 917
589 322
850 878
834 619
664 214
665 259
929 246
897 336
347 281
8 745
134 345
375 175
394 506
251 612
555 237
77 865
464 362
816 671
411 661
413 319
882 912
954 517
276 617
155 360
403 358
455 296
319 538
472 131
237 381
522 383
982 313
930 754
939 534
189 107
714 794
817 297
957 102
65 342
528 586
140 320
805 50
53 829
26 171
317 888
175 270
822 991
628 538
996 966
425 719
474 1000
554 532
554 818
286 411
779 222
862 750
499 57
949 746
67 665
505 964
660 482
647 164
300 17
211 662
105 127
585 421
741 485
388 636
300 603
893 127
223 568
9 498
3 924
91 189
546 187
414 827
76 270
284 707
902 495
622 257
894 746
56 802
829 953
612 319
977 238
82 522
431 653
837 906
403 420
261 78
781 647
263 752
674 825
342 171
159 803
273 880
471 525
845 256
132 189
631 275
981 960
752 392
167 485
478 991
284 135
997 220
880 300
91 695
735 230
904 12
302 487
353 90
628 809
19 451
866 226
122 82
838 260
759 314
218 673
93 467
331 450
207 351
10 953
359 432
17 183
736 585
454 396
348 647
383 327
890 655
357 735
88 380
508 861
288 654
71 397
847 284
225 37
758 201
101 730
999 241
876 380
700 50
559 320
486 31
396 371
419 210
112 544
443 200
600 501
653 341
858 793
969 128
788 716
182 215
666 224
84 573
379 679
31 470
676 793
695 111
555 728
812 201
284 914
15 610
254 884
979 697
945 889
159 451
497 882
76 190
724 739
449 759
432 995
622 434
180 321
488 531
98 580
404 265
189 525
216 998
686 675
599 70
376 704
899 362
938 292
427 297
800 717
359 818
933 623
937 612
590 430
31 136
380 574
43 123
869 686
319 685
325 640
790 714
544 416
728 445
52 895
87 577
933 210
347 781
957 204
284 113
947 970
66 990
495 647
991 258
297 274
856 685
373 39
250 274
567 723
17 147
787 595
761 134
597 872
908 197
698 657
143 868
774 794
131 804
6 688
353 116
944 561
709 511
939 439
511 463
957 737
796 673
589 155
875 920
159 99
609 20
650 638
236 997
335 979
89 72
810 207
940 122
107 993
772 835
572 621
521 709
523 51
893 39
949 885
141 920
133 792
212 775
428 452
837 544
289 10
751 46
57 22
93 998
502 600
431 724
209 332
503 538
123 130
492 309
886 621
518 118
568 228
87 404
199 190
938 811
857 138
252 708
554 106
277 769
830 247
373 872
818 551
564 7
378 30
715 181
56 278
256 808
4 222
562 544
411 244
31 679
771 372
739 392
995 786
616 477
857 981
508 935
930 923
273 132
936 452
230 538
814 293
102 459
305 811
527 960
788 832
625 482
862 465
516 12
539 30
972 930
139 428
726 608
196 683
434 864
473 766
681 289
779 668
140 978
782 545
162 630
70 279
366 654
54 475
464 147
221 381
746 872
620 833
345 913
567 842
914 824
747 334
840 380
162 344
823 109
455 650
84 629
124 682
675 10
914 986
628 106
21 388
551 564
926 271
385 345
46 920
217 538
545 340
591 388
258 853
981 600
